
+------+--------+---------+--------+------------+
| LVL  |   HP   |   WC    |   AC   |  TREASURE  |
|------|--------|---------|--------|------------|
|  9   |  135   |   13    |    7   |    400     |
| 10   |  150   |   14    |    8   |    450     |
| 11   |  165   |   15    |    9   |    500     |
| 12   |  180   |   16    |    9   |    600     |
| 13   |  195   |   17    |   10   |    700     |
| 14   |  210   |   18    |   11   |    850     |
| 15   |  225   |   20    |   12   |    875     |
| 16   |  400   |   22    |   13   |    890     |
| 17   |  425   |   24    |   14   |    950     |
| 18   |  450   |   26    |   15   |   1000     |
| 19   |  475   |   28    |   16   |   2000     |
| 20   |  500   |   30    |   17   |   5000     |
|------|--------|---------|--------|------------|

