 --<<>>--<<>>--<<>>--<<>>--<<>>--<<>>--<<>>--<<>>--<<>>--<<>>--

   Level        Minimum experience needed
     1                  Free
     2                  2500
     3                  5000
     4                  10000
     5                  20000
     6                  40000
     7                  80000
     8                  120000
     9                  160000
    10                  200000
    11                  250000
    12                  300000

--<<>>--<<>>--<<>>--<<>>--<<>>--<<>>--<<>>--<<>>--<<>>--<<>>--
