Prestige Exp	        Prestige	QP's	  Score	     Gold to 	  Max 	 Ave Stat %
Level                 XP                           Prestige   Stat
-------- ----------- ----------- ----- ---------  ----------- ------ -----------
0         90,000,000       90,000	  284   182,300	  1,000,000		
1        180,000,000	    180,000	  568	  364,600	  1,100,000	1	      10.0%
2        270,000,000	    270,000	  852	  546,900	  1,200,000	1	      10.0%
3        360,000,000	    360,000	1,136	  729,200	  1,300,000	1	      10.0%
4        450,000,000	    450,000	1,420	  911,500	  1,400,000	2	      17.4%
5        540,000,000	    540,000	1,704	1,093,800	  1,500,000	2	      17.4%
6        630,000,000	    630,000	1,988	1,276,100	  1,600,000	2	      17.4%
7        720,000,000	    720,000	2,272	1,458,400	  1,700,000	2	      17.4%
8        810,000,000	    810,000	2,556	1,640,700	  1,800,000	3	      23.1%
9        900,000,000	    900,000	2,840	1,823,000	  1,900,000	3	      23.1%
10       990,000,000	    990,000	3,124	2,005,300	  2,000,000	3	      23.1%
11     1,080,000,000	  1,080,000	3,408	2,187,600	  2,100,000	3	      23.1%
12     1,170,000,000	  1,170,000	3,692	2,369,900	  2,200,000	4	      27.6%
13     1,260,000,000	  1,260,000	3,976	2,552,200	  2,300,000	4	      27.6%
14     1,350,000,000	  1,350,000	4,260	2,734,500	  2,400,000	4	      27.6%
15     1,440,000,000	  1,440,000	4,544	2,916,800	  2,500,000	4	      27.6%
16     1,530,000,000	  1,530,000	4,828	3,099,100	  2,600,000	5	      31.3%
17     1,620,000,000	  1,620,000	5,112	3,281,400	  2,700,000	5	      31.3%
18     1,710,000,000	  1,710,000	5,396	3,463,700	  2,800,000	5	      31.3%
19     1,800,000,000	  1,800,000	5,680	3,646,000	  2,900,000	5	      31.3%
20     1,890,000,000	  1,890,000	5,964	3,828,300	  3,000,000	6	      34.3%
21     1,980,000,000	  1,980,000	6,248	4,010,600	  3,100,000	6	      34.3%
22     2,070,000,000	  2,070,000	6,532	4,192,900	  3,200,000	6	      34.3%
23     2,160,000,000	  2,160,000	6,816	4,375,200	  3,300,000	6	      34.3%
24     2,250,000,000	  2,250,000	7,100	4,557,500	  3,400,000	7	      36.8%
25     2,340,000,000	  2,340,000	7,384	4,739,800	  3,500,000	7	      36.8%