
Cleric's Guild:  level

        Level                    Exp Needed

         15                       2000000;
         14                       1500000;
         13                       800000;
         12                       400000;
         11                       200000;
         10                       100000;
          9                       50000;
          8                       30000;
          7                       16000;
          6                       8000;
          5                       4000;
          4                       2000;
          3                       1000;
          2                       500;
  

