		all files in /players/jenny/80s/mobs/

path   		level        hp              wc               ac        eq/coins
-----------------------------------------------------------------------------------------------
agent1.c	8	   120(10)          12(2)0	     7		250(100)
	- other - blocks east exit
-----------------------------------------------------------------------------------------------	
agent2.c	8	   120(10)          12(2)0	     7		250(100)
-----------------------------------------------------------------------------------------------	
ahall.c         13         200              17               10         80s/items/cooler.c
                                                                        90(20)
-----------------------------------------------------------------------------------------------	
al.c		13	   200(10)	    17(2)	     10(2)      150(100)
									80s/items/cube.c
-----------------------------------------------------------------------------------------------	
ally.c		12	   175(10)	    16		     8(3)	80s/items/juice.c
-----------------------------------------------------------------------------------------------	
andrew.c	13	   200		    16(2)	     10		80s/items/cooler.c
                                                                        90(20)
-----------------------------------------------------------------------------------------------	
bgirl.c		3	   40(10)	    6(2)	     3(3)	80(40)
-----------------------------------------------------------------------------------------------
boyg.c          13         200               16(3)             10(2)     650(100)
-----------------------------------------------------------------------------------------------
bush.c		15	   220(10)	    20(2)	     11(3)	820(110)
-----------------------------------------------------------------------------------------------
cosby.c		15	   220(10)	    19(2)	     12		80s/items/coke.c
-----------------------------------------------------------------------------------------------
dancer.c	6	   85(10)	    10(2)	      5	      	220(60)
-----------------------------------------------------------------------------------------------
demi.c		12	   179(10)	    17		      8		500(200)
-----------------------------------------------------------------------------------------------
emilio.c	14	   200(20)	    19		      10(2)	80s/items/coke.c
-----------------------------------------------------------------------------------------------
et.c          4          60                9(2)              4    
-----------------------------------------------------------------------------------------------
fboy.c		4	   50(17)	    8(2)	      4		120(60)
-----------------------------------------------------------------------------------------------
gorbie.c	15	   220(17)	    19(3)	      10(4)	750(220)
-----------------------------------------------------------------------------------------------
idol.c		14	   180(20)	    21		      10(2)	710(270)
-----------------------------------------------------------------------------------------------
jackson.c	13	   175(20)	    17(2)	      11(2)	450(200)
									80s/items/glove.c
-----------------------------------------------------------------------------------------------
jbaker.c	12	   170(20)	    15(3)	      9		500(200)
-----------------------------------------------------------------------------------------------
judd.c		13	   200		    18		      9		80s/items/cooler.c
                                                                        90(20)
-----------------------------------------------------------------------------------------------
lauper.c	13	   190(10)	    18		      9		80s/items/juice.c
                                                                        90(20)
-----------------------------------------------------------------------------------------------
mfox.c		14	   200(20)	    17(3)	      10(3)	80s/items/cooler.c
									200(100)
-----------------------------------------------------------------------------------------------
milken.c	14	   200(15)	    17(3)	      11(3)	800(100)
-----------------------------------------------------------------------------------------------
molly.c		12	   170(20)	    16		      9(2)   	300(100)
									80s/items/swatch.c
-----------------------------------------------------------------------------------------------
nancy.c		14	   210(7)	    19(2)	      9		800(100)
-----------------------------------------------------------------------------------------------
north.c		14	   200(15)	    20		      10 	800(75)
-----------------------------------------------------------------------------------------------
reagan.c	15	   220(20)	    18(2)	      13	80s/items/beans.c
-----------------------------------------------------------------------------------------------
sboy.c		5	   65(15)	    9(2)	      5		150(100)
-----------------------------------------------------------------------------------------------
t.c		15	   230(25)	    21(3)	      12(3)	200(100)
									80s/items/chains.c
-----------------------------------------------------------------------------------------------
tbaker.c	10	   150(5)	    16		      6		400(100)
-----------------------------------------------------------------------------------------------
